4294967294,0
4294967294,22
4294967294,17
4294967294,42
4294967294,76
4294967294,36
4294967294,39
4294967294,41
4294967294,1421
4294967294,43
4294967294,417
4294967294,51
4294967294,52
4294967294,471
4294967294,1241
4294967294,26
4294967294,81
4294967294,1163
4294967294,82
4294967294,1419
4294967294,83
4294967294,1
4294967294,93
4294967294,95
4294967293,131
4294967293,130
4294967293,129
4294967293,128
4294967293,127
4294967293,126
4294967293,125
4294967293,124
4294967293,123
4294967293,122
4294967293,121
4294967293,120
4294967293,119
4294967293,118
4294967293,117
4294967293,116
4294967293,115
4294967293,114
4294967293,113
4294967293,112
4294967293,111
4294967293,110
4294967293,109
4294967293,108
4294967293,107
4294967293,106
4294967293,105
4294967293,104
4294967293,103
4294967293,102
4294967293,101
4294967293,100
4294967293,99
4294967293,98
4294967293,97
4294967293,96
4294967293,95
4294967293,94
4294967293,93
4294967293,92
4294967293,91
4294967293,90
4294967293,89
4294967293,87
4294967293,86
4294967293,85
4294967293,84
4294967293,83
4294967293,82
4294967293,81
4294967293,80
4294967293,79
4294967293,78
4294967293,77
4294967293,76
4294967293,75
4294967293,74
4294967293,73
4294967293,72
4294967293,71
4294967293,70
4294967293,69
4294967293,68
4294967293,67
4294967293,66
4294967293,65
4294967293,64
4294967293,63
4294967293,62
4294967293,61
4294967293,60
4294967293,59
4294967293,58
4294967293,57
4294967293,56
4294967293,55
4294967293,54
4294967293,53
4294967293,52
4294967293,51
4294967293,50
4294967293,49
4294967293,48
4294967293,47
4294967293,46
4294967293,45
4294967293,44
4294967293,43
4294967293,42
4294967293,41
4294967293,40
4294967293,39
4294967293,38
4294967293,37
4294967293,36
4294967293,35
4294967293,34
4294967293,33
4294967293,32
4294967293,31
4294967293,30
4294967293,29
4294967293,28
4294967293,27
4294967293,26
4294967293,25
4294967293,24
4294967293,23
4294967293,22
4294967293,21
4294967293,20
4294967293,19
4294967293,18
4294967293,17
4294967293,16
4294967293,15
4294967293,14
4294967293,13
4294967293,12
4294967293,11
4294967293,10
4294967293,9
4294967293,8
4294967293,7
4294967293,6
4294967293,5
4294967293,4
4294967293,3
4294967278,132
4294967278,131
4294967278,130
4294967278,129
4294967278,128
4294967278,127
4294967278,126
4294967278,125
4294967278,124
4294967278,123
4294967278,122
4294967278,121
4294967278,120
4294967278,119
4294967278,118
4294967278,117
4294967278,116
4294967278,115
4294967278,114
4294967278,113
4294967278,112
4294967278,111
4294967278,110
4294967278,109
4294967278,108
4294967278,107
4294967278,106
4294967278,105
4294967278,104
4294967278,103
4294967278,102
4294967278,101
4294967278,100
4294967278,99
4294967278,98
4294967278,97
4294967278,96
4294967278,95
4294967278,94
4294967278,93
4294967278,92
4294967278,91
4294967278,90
4294967278,89
4294967278,87
4294967278,86
4294967278,85
4294967278,84
4294967278,83
4294967278,82
4294967278,81
4294967278,80
4294967278,79
4294967278,78
4294967278,77
4294967278,76
4294967278,75
4294967278,74
4294967278,73
4294967278,72
4294967278,71
4294967278,70
4294967278,69
4294967278,68
4294967278,67
4294967278,66
4294967278,65
4294967278,64
4294967278,63
4294967278,62
4294967278,61
4294967278,60
4294967278,59
4294967278,58
4294967278,57
4294967278,56
4294967278,55
4294967278,54
4294967278,53
4294967278,52
4294967278,51
4294967278,50
4294967278,49
4294967278,48
4294967278,47
4294967278,46
4294967278,45
4294967278,44
4294967278,43
4294967278,42
4294967278,41
4294967278,40
4294967278,39
4294967278,38
4294967278,37
4294967278,36
4294967278,35
4294967278,34
4294967278,33
4294967278,289
4294967278,288
4294967278,287
4294967278,29
4294967278,394
4294967278,28
4294967278,285
4294967278,27
4294967278,26
4294967278,137
4294967278,25
4294967278,24
4294967278,275
4294967278,23
4294967278,22
4294967278,21
4294967278,20
4294967278,0
4294967278,260
4294967278,273
4294967278,19
4294967278,392
4294967278,18
4294967278,390
4294967278,17
4294967278,283
4294967278,16
4294967278,15
4294967278,389
4294967278,14
4294967278,13
4294967278,384
4294967278,12
4294967278,11
4294967278,10
4294967278,9
4294967278,8
4294967278,7
4294967278,6
4294967278,5
4294967278,4
4294967279,132
4294967279,131
4294967279,130
4294967279,129
4294967279,128
4294967279,127
4294967279,126
4294967279,125
4294967279,124
4294967279,123
4294967279,122
4294967279,121
4294967279,120
4294967279,119
4294967279,118
4294967279,117
4294967279,116
4294967279,115
4294967279,114
4294967279,113
4294967279,112
4294967279,111
4294967279,110
4294967279,109
4294967279,108
4294967279,107
4294967279,106
4294967279,105
4294967279,104
4294967279,103
4294967279,102
4294967279,101
4294967279,100
4294967279,99
4294967279,98
4294967279,97
4294967279,96
4294967279,95
4294967279,94
4294967279,93
4294967279,92
4294967279,91
4294967279,90
4294967279,89
4294967279,87
4294967279,86
4294967279,85
4294967279,84
4294967279,83
4294967279,82
4294967279,81
4294967279,80
4294967279,79
4294967279,78
4294967279,77
4294967279,76
4294967279,75
4294967279,74
4294967279,73
4294967279,72
4294967279,71
4294967279,70
4294967279,69
4294967279,68
4294967279,67
4294967279,66
4294967279,65
4294967279,64
4294967279,63
4294967279,62
4294967279,61
4294967279,60
4294967279,59
4294967279,58
4294967279,57
4294967279,56
4294967279,55
4294967279,54
4294967279,53
4294967279,52
4294967279,51
4294967279,50
4294967279,49
4294967279,48
4294967279,47
4294967279,46
4294967279,45
4294967279,44
4294967279,43
4294967279,42
4294967279,41
4294967279,40
4294967279,39
4294967279,38
4294967279,37
4294967279,36
4294967279,35
4294967279,34
4294967279,296
4294967279,294
4294967279,295
4294967279,30
4294967279,29
4294967279,292
4294967279,28
4294967279,27
4294967279,138
4294967279,26
4294967279,25
4294967279,277
4294967279,24
4294967279,23
4294967279,22
4294967279,21
4294967279,20
4294967279,19
4294967279,406
4294967279,18
4294967279,289
4294967279,17
4294967279,16
4294967279,400
4294967279,15
4294967279,14
4294967279,268
4294967279,13
4294967279,12
4294967279,11
4294967279,10
4294967279,0
4294967279,260
4294967279,408
4294967279,9
4294967279,8
4294967279,7
4294967279,6
4294967279,5
4294967279,4
4294967279,33
4294967278,32
16,2652
16,2237
16,2641
16,2226
16,14
16,2649
16,1206
16,1198
16,415
16,2233
16,1764
16,1190
16,397
16,2201
16,2179
16,1154
16,3147
16,2207
16,1176
16,434
16,2225
16,1776
16,444
16,2627
16,1207
16,1197
16,428
16,2228
16,1762
16,755
16,715
16,2239
16,2183
16,1158
16,425
16,2210
16,1744
16,747
16,138
16,1785
16,1214
16,735
16,132
16,6
16,2416
16,2384
16,1933
16,2728
16,370
16,1242
16,353
16,1226
16,786
16,1922
16,136
16,141
16,1538
16,793
16,1942
16,1977
16,818
16,2413
16,2703
16,2418
16,1949
16,768
16,2412
16,2387
16,2403
16,2712
16,1555
16,1541
16,1225
16,810
16,1579
16,146
16,362
16,379
16,52
16,325
16,813
16,320
16,5
16,3274
16,3068
16,2914
16,2778
16,2510
16,2461
16,2264
16,2076
16,1903
16,1716
16,1665
16,1489
16,1294
16,1125
16,968
16,890
16,618
16,510
16,295
16,1
16,3220
16,3013
16,2936
16,2620
16,2545
16,2445
16,2263
16,2112
16,1911
16,1834
16,1653
16,1449
16,1340
16,1109
16,1026
16,851
16,569
16,559
16,289
16,202
16,170
16,169
16,168
16,167
16,2
16,4
4294967279,32
4294967278,31
21,5
21,99
21,92
21,84
21,79
21,65
21,43
21,34
21,18
21,8
21,107
21,97
21,94
21,80
21,78
21,64
21,42
21,32
21,22
21,11
21,2
21,4
4294967279,31
4294967294,7
4294967278,30
4294967294,6
19,147
19,133
19,61
19,142
19,46
19,141
19,60
19,150
19,36
19,136
19,56
19,152
19,27
19,138
19,53
19,139
19,26
19,7
19,148
19,132
19,62
19,143
19,48
19,144
19,59
19,145
19,35
19,135
19,55
19,151
19,25
19,137
19,52
19,140
19,24
19,6
19,154
19,131
19,34
19,129
19,149
19,130
19,58
19,134
19,42
19,57
19,153
19,128
19,23
19,54
19,146
19,63
19,22
19,5
19,225
19,216
19,211
19,208
19,199
19,195
19,121
19,114
19,107
19,102
19,95
19,88
19,80
19,72
19,66
19,49
19,37
19,33
19,20
19,8
19,2
19,4
4294967294,5
4294967294,1087
4294967294,1068
4294967294,1072
4294967294,1422
4294967294,1424
4294967294,99
4294967278,406
4294967279,409
4294967294,67
4294967294,38
4294967294,37
4294967294,1425
4294967294,473
21,258
21,257
21,256
21,191
21,190
21,189
21,188
21,187
21,197
21,20
21,186
21,185
21,184
21,183
21,182
21,196
21,63
21,181
21,180
21,179
21,178
21,177
21,176
21,175
21,174
21,173
21,172
21,171
21,170
21,169
21,195
21,48
21,168
21,167
21,166
21,165
21,164
21,163
21,194
21,45
21,162
21,193
21,30
21,161
21,192
21,160
21,25
21,159
21,158
21,54
21,157
21,156
21,155
21,62
21,35
21,154
21,153
21,61
21,15
21,152
21,60
21,47
21,59
21,16
21,151
21,150
21,149
21,148
21,147
21,146
21,145
21,144
21,58
21,49
21,143
21,142
21,141
21,140
21,57
21,51
21,139
21,138
21,137
21,56
21,50
21,136
21,135
21,134
21,133
21,132
21,131
21,55
21,46
21,130
21,129
21,52
21,128
21,127
21,126
21,125
21,124
21,53
21,40
21,123
21,122
21,121
21,120
21,119
21,118
21,117
21,116
21,115
21,114
21,113
21,112
21,111
21,110
21,109
0,5
21,108
21,106
21,105
21,104
21,103
21,102
21,101
21,100
21,98
21,96
21,95
21,93
21,91
21,90
21,89
21,88
21,87
21,86
21,85
21,83
21,82
21,81
21,77
21,76
21,75
21,74
21,73
21,72
21,71
21,70
21,69
21,68
21,67
21,66
21,44
21,41
21,39
21,38
21,37
21,36
21,33
21,31
21,29
21,28
21,27
21,26
21,24
21,23
21,21
21,19
21,17
21,14
21,13
21,12
21,10
21,9
21,7
21,6
21,3
21,1
4294967278,177
4294967278,175
4294967278,319
4294967278,318
4294967278,317
4294967279,264
4294967279,391
4294967279,390
4294967279,389
4294967279,388
4294967279,387
4294967278,405
4294967279,407
4294967278,404
4294967278,403
4294967278,402
4294967278,401
4294967279,405
4294967278,400
19,229
19,228
19,227
19,226
19,224
19,223
19,222
19,221
19,220
19,219
19,218
19,217
19,215
19,214
19,213
19,212
19,210
19,209
19,207
19,206
19,205
19,204
19,203
19,202
19,201
19,200
19,198
19,197
19,196
19,194
19,193
19,192
19,127
19,126
19,125
19,124
19,123
19,122
19,120
19,119
19,118
19,117
19,116
19,115
19,113
19,112
19,111
19,110
19,109
19,108
19,106
19,105
19,104
19,103
19,101
19,100
19,99
19,98
19,97
19,96
19,94
19,93
19,92
19,91
19,90
19,89
19,87
19,86
19,85
19,84
19,83
19,82
19,81
19,79
19,78
19,77
19,76
19,75
19,74
19,73
19,71
19,70
19,69
19,68
19,67
19,65
19,64
19,51
19,50
19,47
19,45
19,44
19,43
19,41
19,40
19,39
19,38
19,32
19,31
19,30
19,29
19,28
19,21
19,19
19,18
19,17
19,16
19,15
19,14
19,13
19,12
19,11
19,10
19,9
4294967279,404
4294967278,399
4294967279,403
4294967278,398
4294967279,402
4294967278,397
4294967279,401
19,3
19,1
4294967278,396
4294967279,399
4294967278,395
4294967279,398
4294967278,393
4294967279,397
4294967278,223
4294967278,391
4294967279,396
11,165
11,163
11,161
11,160
11,158
11,157
11,155
11,153
11,152
11,150
11,149
11,147
11,145
11,144
11,142
11,141
11,139
11,138
11,136
11,134
11,133
11,131
11,130
11,128
11,65
4294967279,223
11,1
11,5
0,7
4294967278,388
4294967279,395
4294967278,387
4294967279,394
16,3
4294967278,386
4294967279,393
4294967278,385
4294967279,392
16,2625
16,1770
16,723
16,410
16,2190
16,1791
16,752
16,403
16,2181
16,1152
16,166
16,1185
16,745
16,421
16,441
16,133
16,2631
16,1204
16,763
16,414
16,1754
16,750
16,404
16,1733
16,432
16,2212
16,1749
16,447
16,2217
16,1174
16,728
16,439
16,1592
16,1964
16,351
16,338
16,1576
16,1552
16,2368
16,51
16,792
16,321
16,815
16,352
16,789
16,828
16,29
16,799
16,1550
16,1924
16,2819
16,2555
16,2476
16,2157
16,2026
16,1918
16,1711
16,1645
16,1479
16,1317
16,1101
16,970
16,888
16,631
16,529
16,208
16,105
16,2827
16,2567
16,2474
16,2144
16,2051
16,1989
16,1685
16,1521
16,1391
16,1337
16,1123
16,937
16,868
16,601
16,488
16,298
16,99
16,2394
16,1238
16,1244
16,3312
15,2864
16,2729
16,3311
15,2863
16,2651
16,1941
16,3310
15,2862
16,1248
16,2727
16,3309
15,2861
16,3308
15,2860
16,2726
16,2713
16,1230
16,3307
15,2859
16,3306
15,2858
16,2650
16,3305
15,2857
16,3304
15,2856
16,3303
15,2855
16,3302
15,2854
16,3301
15,2853
16,3300
15,2852
16,3299
15,2851
16,3298
15,2850
16,3297
15,2849
16,3296
15,2848
16,3295
15,2847
16,2725
16,2724
16,2419
16,3294
15,2846
16,2648
16,364
16,3293
15,2845
16,1952
16,3292
15,2844
16,3291
15,2843
16,3290
15,2842
16,2723
16,357
16,2722
16,2388
16,2377
16,3289
15,2841
16,3288
15,2840
16,1966
16,2647
16,1938
16,3287
15,2839
16,3286
15,2838
16,2721
16,3285
15,2837
16,3284
15,2836
16,3283
15,2835
16,3282
15,2834
16,2646
16,3281
15,2833
16,2720
16,2719
16,2695
16,2718
16,3280
15,2832
16,3279
15,2831
16,3278
15,2830
16,2404
16,1947
16,1928
16,3277
15,2829
16,2717
16,3276
15,2828
16,2716
16,2645
16,3275
15,2827
15,2826
16,1254
16,3273
15,2825
16,3272
15,2824
16,2715
16,2697
16,3271
15,2823
16,814
16,3270
15,2822
16,2644
16,2714
16,3269
15,2821
16,2378
16,3268
15,2820
16,1279
16,3267
15,2819
16,3266
15,2818
16,1980
16,1958
16,3265
15,2817
16,1268
16,782
16,1598
16,1961
16,1930
16,3264
15,2816
16,2643
16,373
16,1935
16,790
16,1561
16,1227
16,791
16,1931
16,1946
16,1956
16,1562
16,1563
16,1556
16,1240
16,348
16,337
16,3263
15,2815
16,162
16,1585
16,1574
16,1543
16,368
16,1239
16,2390
16,801
16,1940
16,2402
16,2688
16,1974
16,358
16,802
16,2391
16,1978
16,3262
15,2814
16,1263
16,2383
16,2395
16,1923
16,2382
16,781
16,339
16,2397
16,2372
16,1559
16,366
16,2375
16,363
16,1587
16,819
16,2398
16,1973
16,1934
16,1536
16,1959
16,1578
16,2389
16,1557
16,2370
16,3261
15,2813
16,1553
16,2385
16,1589
16,1236
16,2379
16,1572
16,1960
16,2376
16,1950
16,1564
16,1558
16,1937
16,1243
16,2380
16,59
16,1927
16,2408
16,1596
8,4
16,3260
15,2812
16,3259
15,2811
16,2642
16,3258
15,2810
16,3257
15,2809
16,3256
15,2808
16,2409
16,3255
15,2807
16,3254
15,2806
16,3253
15,2805
16,2633
16,3252
15,2804
16,365
16,377
16,3251
15,2803
16,1231
16,1241
16,369
16,367
16,3250
15,2802
16,355
16,359
16,1968
16,1275
16,3249
15,2801
16,3248
15,2800
16,3146
16,3247
15,2799
16,3246
15,2798
16,3245
15,2797
16,3244
15,2796
16,3243
15,2795
16,3242
15,2794
16,2711
16,2393
16,3145
16,3241
15,2793
16,3240
15,2792
16,3239
15,2791
16,3238
15,2790
16,3237
15,2789
16,3236
15,2788
16,3144
16,3235
15,2787
16,3234
15,2786
16,2710
16,3233
15,2785
16,3232
15,2784
16,3231
15,2783
16,3230
15,2782
16,3143
16,831
16,3229
15,2781
16,3228
15,2780
16,3227
15,2779
16,3226
15,2778
16,3225
15,2777
16,3224
15,2776
16,3142
16,3223
15,2775
16,3222
15,2774
16,3221
15,2773
15,2772
16,3219
15,2771
16,3218
15,2770
16,3141
16,3217
15,2769
16,2709
16,3216
15,2768
16,3215
15,2767
16,3214
15,2766
16,1554
16,3213
15,2765
16,3212
15,2764
16,3140
16,3211
15,2763
16,3210
15,2762
16,2708
16,2369
16,3209
15,2761
16,2707
16,3208
15,2760
16,1582
16,3207
15,2759
16,3139
16,3206
15,2758
16,3205
15,2757
16,3204
15,2756
16,3203
15,2755
16,3202
15,2754
16,3201
15,2753
16,361
16,0
16,3138
16,3200
15,2752
16,2706
16,149
16,3071
15,2687
16,3070
15,2686
16,3069
15,2685
16,2705
16,809
15,2684
16,777
16,3067
15,2683
16,2704
16,2690
16,3137
16,3066
15,2682
16,3065
15,2681
16,3064
15,2680
16,3063
15,2679
16,3062
15,2678
16,3061
15,2677
16,3136
16,3060
15,2676
16,2702
16,1237
16,2400
16,3059
15,2675
16,3058
15,2674
16,3057
15,2673
16,2701
16,1584
16,2700
16,3056
15,2672
16,1235
16,1245
16,137
16,3055
15,2671
16,774
16,2215
16,383
16,1232
16,3054
15,2670
16,378
16,1266
16,328
16,1233
16,1265
16,158
16,3053
15,2669
16,144
16,1264
16,1542
16,1537
16,157
16,772
16,151
16,1234
16,775
16,1276
16,160
16,1272
16,147
16,1271
16,1277
16,776
16,773
16,131
16,3052
15,2668
16,3051
15,2667
16,3050
15,2666
16,2640
16,3049
15,2665
16,3048
15,2664
16,2699
16,336
16,3047
15,2663
16,3046
15,2662
16,2698
16,326
16,3045
15,2661
16,2639
16,3044
15,2660
16,3043
15,2659
16,1925
16,3042
15,2658
16,3041
15,2657
16,3040
15,2656
16,3039
15,2655
16,2638
16,3038
15,2654
16,3037
15,2653
16,3036
15,2652
16,3035
15,2651
16,3034
15,2650
16,2696
16,327
16,3033
15,2649
16,2637
16,3032
15,2648
16,2424
16,3031
15,2647
16,2694
16,2373
16,3030
15,2646
